.tmax <- 100L
.Lmax <- 1e+04
