.Lmax <- 1000
.tmax <- 100L
