.L_max <- 1000
.t_max <- 100L
