.tmax <- 100L
.Lmax <- 1e+04
.Wmax <- 1e+05
.Emax <- 1e+06
